-0.000551671891485861 0.136447975882689
-0.00155212066837118 0.384181643291682
-0.00255256944525661 0.611655556666251
-0.00355301822214205 0.784922277452502
-0.00455346699902759 0.9367318192847
-0.00555391577591302 1.07036348494128
-0.00655436455279834 1.20922916763297
-0.00755481332968377 1.37078434874752
-0.00855526210656921 1.56038773176973
-0.00955571088345475 1.78239370316907
-0.0105561596603402 2.0021189143291
-0.0115566084372255 2.2471495679232
-0.0125570572141109 2.45991353878865
-0.0135575059909964 2.66007034668534
-0.0145579547678819 2.83480015547995
-0.0155584035447662 2.99614834382314
-0.0165588523216516 3.1264355139704
-0.0175593010985371 3.27994689892914
-0.0185597498754225 3.43048307720387
-0.019560198652308 3.59867478595152
-0.0205606474291935 3.78094328306724
-0.0215610962060789 3.97547380644397
-0.0225615449829643 4.18530580146726
-0.0235619937598497 4.39069033312048
-0.0245624425367351 4.59781723033678
-0.0255628913136206 4.79217767112864
-0.0265633400905059 4.96067751751021
-0.0275637888673913 5.12827766857688
-0.0285642376442768 5.28537020301923
-0.0295646864211623 5.42875929679356
-0.0305651351980477 5.56218932046654
-0.0315655839749333 5.70712662124062
-0.0325660327518186 5.86010721937751
-0.033566481528704 6.00135839055422
-0.0345669303055894 6.17254073786162
-0.0355673790824749 6.34691608031114
-0.0365678278593602 6.51938721569746
-0.0375682766362456 6.69907528204672
-0.0385687254131311 6.89447527562355
-0.0395691741900165 7.06463572853389
-0.040569622966902 7.24237416995814
-0.0415700717437875 7.39894580413828
-0.0425705205206729 7.55682101861338
-0.0435709692975583 7.70971010859696
-0.0445714180744438 7.85390883371848
-0.0455718668513292 7.99085908794896
-0.0465723156282146 8.12076048006782
-0.0475727644050999 8.2535170099447
-0.0485732131819854 8.38466234186473
-0.0495736619588708 8.51486328234349
-0.0505741107357554 8.6404832550647
-0.0515745595126408 8.76811440552573
-0.0525750082895262 8.89038909166179
-0.0535754570664115 9.01552151403429
-0.054575905843297 9.15946858526563
-0.0555763546201824 9.28646029733982
-0.0565768033970678 9.41968148524994
-0.0575772521739534 9.55122314765321
-0.0585777009508387 9.69259013627897
-0.0595781497277241 9.8183845123641
-0.0605785985046097 9.94435701665074
-0.0615790472814951 10.0839657478724
-0.0625794960583805 10.1958728225754
-0.0635799448352659 10.3192198698363
-0.0645803936121513 10.4319788767095
-0.0655808423890367 10.5383121331102
-0.0665812911659222 10.6523029076208
-0.0675817399428075 10.7503491429036
-0.068582188719693 10.8505252856771
-0.0695826374965784 10.9487600822781
-0.0705830862734639 11.0368025328797
-0.0715835350503494 11.1261849857092
-0.0725839838272349 11.195219034991
-0.0735844326041202 11.277492031991
-0.0745848813810056 11.2705653651408
-0.075585330157891 10.8986465100649
-0.0765857789347765 9.78438696312603
-0.0775862277116618 8.41366616868204
-0.0785866764885472 7.58010159957866
-0.0795871252654327 6.84750539372056
-0.0805875740423182 6.14471284719996
-0.0815880228192036 6.15027106240788
-0.082588471596089 6.31071334539274
-0.0835889203729745 6.44584332631531
-0.0845893691498588 6.56954277158673
-0.0855898179267442 6.60690961987489
-0.0865902667036298 6.58091903161963
-0.0875907154805152 6.57695596089337
-0.0885911642574007 6.71228488483331
-0.0895916130342862 6.74261359232768
-0.0905920618111715 6.71700609740336
-0.091592510588057 6.49245535253473
-0.0925929593649424 6.35230830942034
-0.0935934081418278 6.13215909409702
-0.0945938569187131 5.91961795872954
-0.0955943056955986 5.75294365073222
-0.096594754472484 5.51715038472088
-0.0975952032493695 5.57554815720535
-0.098595652026255 5.26599135404717
-0.0995961008031403 4.91341421040264
-0.100596549580026 4.49006864212864
-0.101596998356911 3.90806754816006
-0.102597447133797 3.68326763400718
-0.103597895910682 3.68374771945385
-0.104598344687567 3.74462100543031
-0.105598793464453 3.81075131744492
-0.106599242241338 3.9539647358983
-0.107599691018224 4.06692588479171
-0.108600139795109 4.12125334276573
-0.109600588571995 4.20629048835693
-0.11060103734888 4.28572637370916
-0.111601486125765 4.35388530951501
-0.112601934902651 4.21202818823262
-0.113602383679536 4.24475933116217
-0.114602832456422 4.27623225058415
-0.115603281233307 4.32675824883367
-0.116603730010193 4.44275371572521
-0.117604178787078 4.55776986761314
-0.118604627563963 4.70048121941934
-0.119605076340848 4.7504835551376
-0.120605525117733 4.70832097572605
-0.121605973894619 4.61934077098961
-0.122606422671504 4.56522447395013
-0.12360687144839 4.36517288013318
-0.124607320225275 4.32530592388615
-0.12560776900216 4.37136275360626
-0.126608217779046 4.45196423328657
-0.127608666555931 4.66007067688724
-0.128609115332817 4.84623815850224
-0.129609564109702 5.0486738157293
-0.130610012886588 5.25982240711854
-0.131610461663473 5.45700014998032
-0.132610910440359 5.68969792965823
-0.133611359217244 5.91380228443547
-0.134611807994129 6.10670825025664
-0.135612256771015 6.21683003833706
-0.1366127055479 6.35650237435096
-0.137613154324786 6.54452045481311
-0.138613603101671 6.64485868854315
-0.139614051878556 6.68730469740278
-0.140614500655442 6.25577791863045
-0.141614949432327 5.68604785958068
-0.142615398209213 5.50612865913657
-0.143615846986098 5.16967936076048
-0.144616295762984 4.7672875586352
-0.145616744539869 4.77737296136218
-0.146617193316754 4.53240000687742
-0.14761764209364 4.20092848924675
-0.148618090870525 4.11381648203898
-0.14961853964741 4.10472114734927
-0.150618988424295 3.85418786029631
-0.151619437201181 3.87848081478779
-0.152619885978066 3.80090441759054
-0.153620334754952 3.85328648803055
-0.154620783531837 3.87388259930408
-0.155621232308722 3.98248311669619
-0.156621681085608 4.01649736652971
-0.157622129862493 4.2038896623951
-0.158622578639379 4.22027748318467
-0.159623027416264 4.34731785513009
-0.16062347619315 4.21444957866711
-0.161623924970035 4.15985388382343
-0.16262437374692 3.84727882175124
-0.163624822523806 3.67340824750382
-0.164625271300691 3.69634907752572
-0.165625720077577 3.71161774859349
-0.166626168854462 3.64575621809666
-0.167626617631348 3.63014340402874
-0.168627066408233 3.59886026893249
-0.169627515185119 3.69224332923963
-0.170627963962004 3.74883731923739
-0.171628412738889 3.57064492305473
-0.172628861515775 3.49400382763155
-0.17362931029266 3.3781005245776
-0.174629759069546 3.17120762858493
-0.175630207846431 3.08940535036244
-0.176630656623316 2.88916056507332
-0.177631105400202 2.74557018825651
-0.178631554177087 2.70665126577718
-0.179632002953973 2.3162010282413
-0.180632451730858 2.12114458679353
-0.181632900507744 1.88256735802211
-0.182633349284628 1.74451414020081
-0.183633798061513 1.94794808088692
-0.184634246838399 2.03015343396539
-0.185634695615284 2.10441877130275
-0.18663514439217 2.23784409413424
-0.187635593169055 2.3485249290489
-0.188636041945941 2.07425614318026
-0.189636490722826 2.11902218821088
-0.190636939499711 2.19719725526521
-0.191637388276597 2.22918320192734
-0.192637837053482 2.26424849055979
-0.193638285830368 2.27830126719711
-0.194638734607253 2.23680817489892
-0.195639183384139 2.33822604152548
-0.196639632161024 2.30370715051545
-0.197640080937909 2.3633157608399
-0.198640529714795 2.3648445314905
